PART
{

name = RLA_120_S1E
module = Part
author = hraban

MODEL
{
   model = Contares_RUS/Parts/RLA/RLA-120_S1E_RD-33S
}
scale = 1.0
rescaleFactor = 1.0

node_stack_top      =  0.000000,  1.0,  0.000000,  0.0,  1.0, 0.0, 1
node_stack_bottom   =  0.000000, -1.0,  0.000000,  0.0, -1.0, 0.0, 1
node_stack_bottom01 =  1.050000,  0.2,  0.000000,  0.0, -1.0, 0.0, 0
node_stack_bottom02 = -1.050000,  0.2,  0.000000,  0.0, -1.0, 0.0, 0
node_stack_bottom03 =  0.000000,  0.2,  1.050000,  0.0, -1.0, 0.0, 0
node_stack_bottom04 =  0.000000,  0.2, -1.050000,  0.0, -1.0, 0.0, 0
node_stack_bottom05 =  0.742462,  0.2,  0.742462,  0.0, -1.0, 0.0, 0
node_stack_bottom06 = -0.742462,  0.2, -0.742462,  0.0, -1.0, 0.0, 0
node_stack_bottom07 =  0.742462,  0.2, -0.742462,  0.0, -1.0, 0.0, 0
node_stack_bottom08 = -0.742462,  0.2,  0.742462,  0.0, -1.0, 0.0, 0
node_stack_bottom09 = -0.000000,  0.2,  0.000000,  0.0, -1.0, 0.0, 0
bulkheadProfiles = size3

TechRequired = heavierRocketry
entryCost = 5000
cost = 3500

category     = Propulsion
subcategory  = 0
title        = RLA S1EM
manufacturer = #LOC_CSA-RUS_Agency_Title
description  = fictional RLA 120 engine mount for max 9 engines. nominal 8 engines
tags = 3.125 contares rla engine mount
attachRules = 1,0,1,1,0

mass = 0.6

dragModelType  = default
maximum_drag   = 0.20
minimum_drag   = 0.15
angularDrag    = 2
crashTolerance = 15

maxTemp                    = 1200
heatConductivity           = 0.06
skinInternalConductionMult = 4.0
emissiveConstant           = 0.8

}